11747581
20007098
20301636
20301516
20301743
20301472
20301599
20301575
20301696
20301678
20301424
20301787
20301306
20301430
20301551
20301555
20301649
20301650
20301288
20301398
20641278
20641274
20641273
20641271
20641268
20641266
20641265
20641264
20641263
20641262
20641261
20641260
20641258
20641179
20641293
20641292
20641291
20641290
20641289
20641288
20641287
20641285
20641281
20641280
20641197
20641196
20641195
20641194
20641193
20641191
20641190
20641188
20641186
20641185
20641184
20641183
20641180
20641211
20641209
20641208
20641207
20641206
20641203
20641201
20641200
20641235
20641234
20641233
20641232
20641231
20641230
20641229
20641228
20641227
20641226
20641225
20641224
20641222
20641221
20641219
20641218
20641217
20641216
20641215
20641214
20641257
20641256
20641255
20641254
20641253
20641252
20641251
20641250
20641249
20641248
20641247
20641245
20641243
20641242
20641241
20641240
20641238
20641237
20641399
20641398
20641397
20641394
20641393
20641391
20641390
20641389
20641388
20641387
20641386
20641384
20641383
20641382
20641379
20641299
20641298
20641297
20641296
20641295
20641294
20641809
20641808
20641806
20641803
20641802
20641801
20641709
20641708
20641706
20641705
20641704
20641703
20641702
20641823
20641700
20641821
20641820
20641818
20641817
20641816
20641815
20641814
20641811
20641810
20641608
20641729
20641607
20641728
20641606
20641605
20641726
20641604
20641725
20641724
20641602
20641723
20641601
20641600
20641721
20641719
20641718
20641716
20641715
20641714
20641713
20641712
20641710
20641510
20641631
20641752
20641630
20641751
20641508
20641629
20641507
20641628
20641749
20641506
20641748
20641505
20641626
20641747
20641504
20641625
20641746
20641503
20641624
20641745
20641502
20641623
20641744
20641622
20641743
20641500
20641621
20641742
20641741
20641740
20641618
20641739
20641617
20641738
20641616
20641736
20641735
20641613
20641734
20641612
20641733
20641611
20641732
20641610
20641411
20641532
20641653
20641774
20641773
20641651
20641771
20641770
20641409
20641408
20641529
20641407
20641528
20641406
20641648
20641405
20641526
20641647
20641768
20641404
20641646
20641767
20641403
20641524
20641645
20641766
20641402
20641523
20641644
20641401
20641643
20641764
20641400
20641521
20641642
20641763
20641520
20641762
20641761
20641519
20641518
20641639
20641517
20641638
20641759
20641637
20641515
20641514
20641635
20641756
20641513
20641634
20641755
20641512
20641633
20641754
20641632
20641753
20641312
20641433
20641675
20641311
20641432
20641674
20641795
20641310
20641431
20641552
20641673
20641794
20641430
20641672
20641550
20641671
20641792
20641670
20641791
20641790
20641309
20641308
20641307
20641306
20641548
20641305
20641547
20641668
20641304
20641425
20641546
20641667
20641788
20641303
20641424
20641545
20641666
20641423
20641301
20641422
20641543
20641664
20641785
20641300
20641421
20641663
20641784
20641420
20641541
20641662
20641783
20641661
20641782
20641660
20641780
20641419
20641418
20641539
20641417
20641538
20641659
20641416
20641537
20641658
20641415
20641536
20641657
20641778
20641414
20641535
20641656
20641777
20641413
20641534
20641655
20641776
20641412
20641533
20641654
20641775
20641334
20641455
20641576
20641697
20641333
20641454
20641575
20641332
20641574
20641695
20641331
20641452
20641694
20641451
20641572
20641693
20641571
20641570
20641691
20641690
20641329
20641328
20641449
20641448
20641569
20641447
20641689
20641325
20641446
20641567
20641688
20641324
20641445
20641687
20641323
20641565
20641686
20641443
20641564
20641685
20641321
20641563
20641684
20641320
20641441
20641683
20641440
20641561
20641560
20641680
20641318
20641439
20641317
20641438
20641559
20641437
20641315
20641557
20641678
20641314
20641435
20641677
20641798
20641434
20641555
20641676
20641797
20641356
20641477
20641355
20641354
20641475
20641474
20641595
20641473
20641594
20641472
20641593
20641350
20641471
20641592
20641590
20641349
20641348
20641347
20641589
20641346
20641345
20641466
20641587
20641465
20641586
20641343
20641585
20641342
20641463
20641584
20641341
20641462
20641340
20641461
20641582
20641580
20641339
20641338
20641337
20641458
20641579
20641336
20641457
20641699
20641335
20641456
20641577
20641698
20641499
20641377
20641498
20641376
20641497
20641375
20641496
20641374
20641495
20641373
20641494
20641372
20641370
20641491
20641490
20641369
20641368
20641489
20641366
20641364
20641485
20641363
20641484
20641362
20641483
20641482
20641360
20641480
20641359
20641358
20641479
20641357
20641478
20641599
20642005
20642004
20642003
20642002
20642001
20642000
20642020
20642018
20642017
20642016
20642014
20642013
20642012
20642011
20642009
20642008
20642007
20642006
20641909
20641908
20641907
20641906
20641905
20641904
20641903
20641902
20641929
20641928
20641927
20641926
20641925
20641924
20641923
20641921
20641919
20641917
20641916
20641915
20641914
20641913
20641912
20641911
20641910
20641829
20641828
20641827
20641948
20641826
20641947
20641825
20641824
20641943
20641942
20641941
20641940
20641939
20641938
20641937
20641936
20641935
20641934
20641933
20641932
20641931
20641930
20641851
20641850
20641849
20641848
20641847
20641845
20641844
20641843
20641842
20641841
20641839
20641838
20641836
20641835
20641834
20641832
20641953
20641952
20641873
20641994
20641872
20641871
20641992
20641870
20641991
20641990
20641869
20641989
20641867
20641988
20641866
20641987
20641865
20641986
20641864
20641863
20641861
20641982
20641981
20641859
20641858
20641857
20641978
20641856
20641977
20641855
20641975
20641974
20641895
20641894
20641893
20641892
20641891
20641890
20641889
20641888
20641887
20641886
20641885
20641884
20641882
20641881
20641880
20641879
20641878
20641877
20641876
20641997
20641875
20641996
20641899
20641898
20641897
20641896
20662135
20662134
20662133
20662138
20662136
20681080
20681082
20681081
20681079
20681076
20698071
20698072
20698073
20698074
20698075
20722121
20734504
20734503
20734501
20734500
20806447
20806446
20806449
20806448
20806451
20806450
20827819
20827818
20827823
20827821
20827820
20845548
20845549
20845547
20862795
20862794
20945559
20945558
20945557
20945556
20945565
20945564
20945563
20945562
20945561
20945560
20963943
20963942
20963941
20963940
20963939
21028752
21028750
21061495
21061496
21061497
21061498
21061493
21061494
21061499
21086574
21086575
21089231
21089232
21204425
21204318
21204317
21210569
21210568
21210567
21210566
21210565
21249764
21249763
21249762
21290626
21290627
21290628
21290629
21290620
21290621
21290622
21290623
21290624
21290625
21290630
21290631
21290632
21290633
21290634
21290619
21309136
21309137
21328729
21328728
21328730
21348057
21348055
21348056
21348053
21348054
21348051
21348052
21370509
21370510
21413199
21413197
21391339
21391338
21433411
21452486
21452487
21473037
21473036
21473035
21473034
21473029
21473028
21473027
21473026
21473033
21473031
21473030
21491704
21491703
21542555
21542557
21542556
21542558
21542551
21542550
21563332
21563331
21595126
21595128
21595127
21634077
21634076
21656985
21656981
21656982
21656980
21656987
21656988
21735592
21735593
21735589
21735587
21735588
21735586
21735583
21735582
21735562
21755633
21834177
21834178
21834179
21834180
21834183
21834184
21834181
21834182
21850782
21850781
21850779
21882407
21882401
21882402
21882403
21882404
21882405
21882406
21882439
21901867
21901866
21919248
21919247
21938857
21938799
21961115
21961116
21961117
21961114
21994969
21994970
21977531
21977530
21977533
21977534
22013603
22013608
22013605
22013604
22013607
22013606
22049572
22049575
22049576
22049573
22049574
22073423
22073422
22073421
22073420
22091478
22091477
22132428
22171401
22171396
22171395
22171398
22171397
22171392
22171391
22171394
22171393
22171389
22171388
22171387
22171390
22206105
22206104
22220319
22220318
22220317
22220316
22220314
22220313
22220320
22259815
22259814
22238799
22238796
22238795
22238798
22238797
22238792
22238791
22238794
22238793
22238803
22238800
22238801
22299188
22299189
22299190
22299191
22279635
22279634
22319802
22319800
22319803
22338192
22338193
22338194
22338195
22359781
22359780
22359779
22379639
22379638
22379637
22379636
22400138
22420009
22420010
22420014
22439165
22439164
22439163
22439162
22457891
22457890
22457889
22457888
22457887
22457886
22457885
22479715
22479716
22479717
22479718
22497029
22514809
22514807
22514804
22514805
22536615
22536614
22536613
22553894
22553889
22553888
22553886
22553892
22553893
22553890
22553891
22574336
22574337
22593946
22593947
22593944
22593945
22593943
22624171
22624173
22624172
22624175
22624174
22649804
22649803
22675742
22675743
22675744
22675745
22696780
22696779
22741179
22741180
22741181
22741182
22741183
22741184
22764388
22764389
22764386
22764387
22764384
22764385
22764390
22787694
22787693
22787692
22787691
22787695
22787690
22787683
22787682
22787684
22812025
22812024
22812023
22812022
22812020
22855969
22855966
22855965
22855968
22855967
22896861
22896860
22896865
22896866
22896863
22896864
22934321
22934320
22934319
22934318
22953354
22953356
22953358
22953357
22973578
22993872
22993875
22993874
22993871
24783292
24716265
25855849
